9

7144029.06
1.2000
1.1200
0.0100
0.0800
1.2400
0.0700
0.7400
0.4100
0.8500
0.9200
0.7500
0.3300
0.3200
1.2700
1.3800
1.1000
0.1500
0.6600
0.4900
1.1100
0.5000
0.2000
0.5100
0.3800
0.4200
0.5300
1.2700
1.3200
0.1000
0.0500
0.0500
1.0200
0.0900
0.7000
1.1000
0.8300
0.3200
0.5800
0.1400
1.1100
0.1500
0.3500
0.8400
0.4600
1.3000
0.4000
0.3700
1.2600
0.6700
0.1400
0.8700
0.4000
1.0700
0.1700
0.8200
0.5700
0.3900
1.1800
1.1100
0.3200
1.1200
0.3400
0.9400
0.4400
1.0500
0.2900
0.8300
0.5800
0.6900
55.4600
140
P0                    3  7  7  2
P1*                   1  6  1  2
P2                    9  6  8  7
P3*                   2  7  0  4
P4                    1  1  8  3
P5                    1  1  1  4
P6                    4  7  3  8
P7                    8  7  7  9
P8                    4  0  2  1
P9                    8  7  6  9
P10*                  0  7  4  3
P11*                  9  0  5  6
P12                   3  7  2  3
P13                   4  3  0  2
P14                  DQ
P15*                  4  6  2  9
P16                   1  2  4  2
P17*                  8  7  9  5
P18                   7  9  7  2
P19                   3  8  5  8
P20                   5  7  6  6
P21                   1  8  4  5
P22*                  9  9  7  9
P23                   4  1  5  1
P24                   4  9  1  5
P25                   1  5  9  6
P26                   9  6  6  3
P27                   4  3  3  6
P28                   1  1  1  4
P29                   2  1  9  1
P30                   9  2  2  3
P31                   0  8  9  1
P32                   9  2  0  3
P33                   6  3  9  3
P34                   8  8  2  0
P35                   8  4  2  9
P36                   6  0  3  1
P37                   0  6  9  1
P38                   1  4  3  2
P39                   1  6  2  3
P40                   1  1  9  4
P41                  DQ
P42                   0  8  6  6
P43                   9  2  3  3
P44                   4  7  1  7
P45                   1  7  9  2
P46                   8  9  6  9
P47                   3  8  4  3
P48                   5  1  7  2
P49                   1  1  2  5
P50                   0  9  6  3
P51                   9  6  6  6
P52                   1  8  6  4
P53*                  5  3  9  5
P54                   1  2  5  5
P55                   9  6  8  6
P56                   9  7  3  0
P57                   4  5  5  2
P58                   0  8  9  1
P59                   9  2  1  5
P60                   7  5  6  9
P61                   5  0 DQ
P62                   3  9  2  5
P63                   5  6  4  5
P64*                  6  2  1  4
P65                   9  3  1  1
P66                   3  7 DQ
P67                   2  1 DQ
P68                   8  6  5  7
P69                   5  5  3  5
P70                   3  4  8  9
P71                   2  1  8  2
P72                   2  5  8  1
P73                   5  3  6 DQ
P74                   7  8  1  7
P75                   3  3  8  8
P76*                  6  5  2  7
P77*                  0  3  1  2
P78                   4  2  1  4
P79                   8  1  7  5
P80                   3  9 DQ
P81                   2  3  9  0
P82                   6  0  5  7
P83                   2  3  4  7
P84                   7  4  4  2
P85                   6  0  0  7
P86                   2  4  8  3
P87                   3  9  4  9
P88                   3  4  1  3
P89                   5  0  2  1
P90                   1  4  2  6
P91                   6  2  9  2
P92                   3  4  1  3
P93                   4  8  3  2
P94                   8  6  1  6
P95                   3  4  7  3
P96                   2  3  4  5
P97                   2  1  1  6
P98                   9  1  8  5
P99                   8  5  1  6
P100*                 2  8  5  7
P101                  8 DQ
P102*                 2  1  8  9
P103                  9  2  4  2
P104                  8  6  8  6
P105                  1  5  7  5
P106*                 1  2  1  4
P107                  3  7  8  9
P108                  5  3  8  4
P109*                 9  6  8  7
P110                  7  5  4  2
P111*                 9  4  5  7
P112                  4  1  8  4
P113                  6  9  0  6
P114                 DQ
P115                  5  9  1  1
P116*                 5  4  0  9
P117                  2  2  8  6
P118                  9  9 DQ
P119                  3  8  7  7
P120*                 0  0  3  8
P121                  3  7  1  2
P122*                 5  8  2  5
P123                  2  5  5  1
P124*                 7  0  9  6
P125                  0  0  2  8
P126                  5  7  8  6
P127                  7  9  2  4
P128                  7  3  2  9
P129                  7  4  7  5
P130                  5  7  9  5
P131                  1 DQ
P132                  8  3  5  7
P133                  5  1  9  9
P134*                 5  1  3  8
P135                  7  1  3  1
P136*                 5  7  4  9
P137                  3  3  1  6
P138                  9  1 DQ
P139                  3  2  8  0

4477355.00
0.7400
1.3000
0.6500
0.9500
0.4500
1.4100
0.9400
0.4000
0.5300
1.1200
0.0200
0.3500
1.0800
0.5600
0.7800
0.3400
0.0100
0.6200
0.1200
0.1400
0.2600
0.4100
1.2300
0.9100
1.0100
0.5600
0.9000
1.4000
0.8800
0.0100
0.7900
1.1100
0.5800
0.2000
1.3200
0.3400
0.3100
0.5500
0.0900
0.2800
0.8400
0.1700
0.1400
1.1900
0.7400
1.1400
1.0900
1.2800
0.1600
1.1600
1.1100
0.9900
0.8900
1.4200
0.0100
0.6700
0.7000
1.3500
0.1100
0.7500
1.2100
0.6800
0.2900
1.1100
1.0000
0.7900
1.2200
0.7100
0.9300
50.5000
140
P0                    1  9  2  9
P1                    9  3  3  7
P2*                   3  8  4  8
P3                    7  2  9  5
P4                    3  9  3  0
P5                    8  9  2  4
P6                    9  1  7  5
P7*                   6  5  0  4
P8*                   7  6  9  0
P9                    1  9  8  0
P10                   7  2  0  6
P11                   1  0  1  6
P12                   5  6  0  8
P13                   8  6  3  7
P14                   6  3  2  7
P15                   3  0  4  7
P16*                  1  8  8  5
P17                   2  8  8  6
P18*                  9  6  9  9
P19                   7  2  0  8
P20*                  7  6  9  5
P21                   4  4  4  8
P22                   7  9  0  7
P23*                  6  3  3  0
P24                   4  3  5  5
P25*                  4  9  3  7
P26                   8  3  3  1
P27                   6  6  5  1
P28                   4 DQ
P29                   9  3  4  2
P30                   1  7  7  4
P31                   0  5  1  1
P32                   8  5  9  8
P33                   3  2  4  7
P34                   0  5  7  9
P35*                  0  2  1  7
P36*                  2  9  7  2
P37                   0  4  1  4
P38*                  5  4  4  4
P39                   1  9  1  7
P40                   9 DQ
P41                   1  7  4  3
P42                   3  2  8  6
P43                   5  5  3  8
P44*                  2  8  9  5
P45*                  6  9  6  5
P46*                  5  3  2  4
P47*                  2  8  8  8
P48*                  1  5  5  1
P49                   5  0  4  6
P50*                  0  7  3 DQ
P51                   5  5  7  2
P52                   8  5  8  6
P53                   4  8  1  0
P54                   0  0  9  3
P55                   4  6  1  4
P56                   9  7  6  7
P57                   9  5  2  3
P58                   0  8  0  2
P59*                  7  2  3  9
P60*                  1  5  0  4
P61*                  6  6  9  5
P62                   6  1  8  4
P63                   7 DQ
P64                   2  7  7  8
P65                   3  4  5  0
P66*                  8  6  0  7
P67*                  1  3  4  3
P68                   8  5  6  8
P69                   3  6  1  1
P70                   0  0  5  2
P71*                  0 DQ
P72                   7  6  6  6
P73                   3  8  6  8
P74                   5  8  9  3
P75                   1  3  1  1
P76*                  5  1  9  9
P77                   3  6  8  5
P78                   1  5 DQ
P79                   7  8  8  1
P80*                  3  8  4  9
P81*                  2  6  3  5
P82                   7  7  1  8
P83                   0  1  1  7
P84                   5  2  4 DQ
P85                   5  3  9  8
P86                   6  0  3  4
P87                   0  4  2  5
P88                  DQ
P89*                  2  4  0  5
P90                   1  1  3  1
P91                   1  4  3  9
P92                   4  5  7  6
P93                   1  7  4  8
P94                   7  7  1  6
P95                   2  4  3  9
P96*                  2  3  8  4
P97                   5  2  9  0
P98                   8  6  5  6
P99*                  3  0  4  9
P100*                 4  4  1  2
P101                  8  4  0  7
P102                  7  0  1  5
P103                  8  2 DQ
P104*                 2  9  4  7
P105                  4  1  3  7
P106*                 1  6  0  7
P107                  2  8  1  6
P108                  5  0  4  9
P109                  1  3  9  3
P110                  1  7  9  0
P111                  8  3  9  3
P112                  0  4  5  4
P113                  9  5  8  4
P114                  6  2  9  7
P115                  6  5  0  1
P116                  5  9  8  0
P117                  7  4  5  2
P118                  9  3  9  0
P119                  6  4  9  0
P120                  6  3  5  0
P121*                 4  8  2  0
P122                  6  6  9  7
P123                  1  7  8  5
P124                  0  1  2  5
P125                  4  7  2  5
P126                  0  5  8  9
P127                  3  4  1  5
P128                  0  6  7  8
P129*                 8  6  9 DQ
P130                  9  7  7  3
P131*                 9  1  6  5
P132                  9  6  7  8
P133*                 8  8  7  6
P134                  7  6  0  6
P135                  3  5  7 DQ
P136                  6  0  4  7
P137                  0  4  2  6
P138                  1  4  1  3
P139                  7  7  5  2

4413453.87
1.1200
0.9600
0.2700
1.3100
0.5800
0.6000
0.7000
1.3400
0.2000
1.1800
0.7500
0.1700
0.9000
0.6400
0.9500
0.9500
0.8500
0.8500
0.5100
1.2100
0.7700
0.6900
0.4500
0.1000
0.2000
0.9100
0.8400
1.2000
1.3300
0.3000
1.1600
0.2300
0.7700
1.3600
0.1900
0.1100
0.9000
0.6100
0.7700
0.8800
0.8100
1.1200
0.0800
0.5200
1.0900
0.6900
0.5300
0.3100
0.9100
0.0400
0.9200
0.0700
1.2700
0.0900
0.8400
0.8300
0.1900
0.4000
0.8400
1.2000
1.4200
0.6900
0.8100
0.0800
0.1700
0.1200
0.2700
0.2600
0.4000
53.2200
140
P0                    7  5  3  3
P1                    7  3  7  0
P2*                   3  3  2  7
P3                    8  9  4  6
P4                    7  1  2  9
P5                    2  2  9  6
P6                    1  9  1  1
P7*                   4  8  1  6
P8                    3  9  9  1
P9                    0  7  9  3
P10                   2  3  9  5
P11*                  9  6  0  1
P12*                 DQ
P13                   8  2  6  0
P14*                  5  2  3  8
P15                   3  5  4  5
P16                   1  2  9  9
P17                   9  7  0  0
P18                   7  7  7  5
P19                   6  0  7  4
P20                   9  9  0  0
P21*                  6  2  6  0
P22*                  1  9  9  2
P23                   0  2  4  4
P24                   6  5  4  7
P25                   5  8  8  8
P26*                  0  5  1  8
P27*                  2  6  1  4
P28*                  9  2  1  0
P29                   1  6  2  6
P30*                  5  5  0  4
P31                   4  5  1  0
P32                   2  4  8  4
P33*                  8  8  5  6
P34                   8  9  4  6
P35*                  1 DQ
P36                   9  4  3  4
P37                   3  1  6 DQ
P38                   8  2  5  0
P39                   2  2  2  4
P40                   4  0  0  5
P41                   1  3  2  2
P42*                  4  8  6  9
P43                   7  6  1  7
P44*                  3  4  8  4
P45                   6 DQ
P46*                  1 DQ
P47                   2  8  4  3
P48                   8 DQ
P49                   1  4  2  5
P50                  DQ
P51                   1  9  7  7
P52                   8  6  6  3
P53                   5  7  6  1
P54                   6  6  6  6
P55                   0  0  0  8
P56*                  6  0  6  6
P57*                  5  2  2  3
P58                   7  8  3  2
P59                   6  8  1  6
P60                   7  4  1  7
P61                   8  0  3  2
P62                   3  6  8  5
P63                   0  9  2  8
P64                   4  5  2  8
P65                   4  1  1  3
P66                   5  9  5  7
P67                   5  1 DQ
P68                   0  8  5  3
P69                   7  3  4  5
P70*                  3  3  3  0
P71                   6  8  1  3
P72                   4  7  6  2
P73                   6  1  6  5
P74*                  5  1  7  8
P75                   7  1  1  9
P76                   4  2  0  6
P77*                  9  6  5  1
P78                   9  3  9  4
P79                   1  3  5  9
P80                   6  9  2  6
P81                   4  2  0 DQ
P82                   1  3  9  5
P83                   6  5  2  2
P84                   6  4  8  1
P85                   8  6  6  5
P86                   9  9  8  5
P87                   6  2  1  2
P88                   4  1  3  8
P89                   4  7  3  5
P90                   7  4  5  5
P91                   1  4  1  3
P92                   4  4  2  1
P93*                  8  2  6  6
P94                   2  9  0  1
P95                   1  7  7  1
P96                   2  9  9  8
P97                   4  1  6  3
P98*                  3  7  6  0
P99                   6  3  2 DQ
P100*                 1  1  9  4
P101                  1  9  1  9
P102                  2  1  3  8
P103                  6  9  6  6
P104                  2  3  0  5
P105                  5  0  0  2
P106                  9  7  2  3
P107                  9  7  5  2
P108                  2  2  7 DQ
P109                  7  3  3  2
P110                  8  2  6  9
P111                  3  4  7  1
P112                  8  4  7  2
P113                  7  6  5 DQ
P114                  0  7  3  1
P115                  7  1  1  5
P116*                 5  9  7  3
P117                  7  6  4  0
P118                  4 DQ
P119                  9  5  4 DQ
P120                  5  5  3  5
P121                  6  4  6  2
P122*                 7  5  6  9
P123                  2  7  4  3
P124*                 5  5  8  2
P125                  7  1  1  7
P126                  3  6  2  8
P127                  1  4  2  8
P128                  7  7  6  6
P129                  3  6  4  0
P130                 DQ
P131                  6  4  6  0
P132                  5  8 DQ
P133*                 7  3  1  9
P134                  6  4  1  5
P135                  3  4  8  8
P136                  5  4  3  9
P137                  7  2  7  9
P138                  7  0 DQ
P139                  1  3  1  9

3165427.50
0.4700
0.5200
0.5000
1.3300
0.0800
0.3000
0.9800
0.4800
0.1900
0.0300
0.1000
0.1700
1.2400
1.1500
0.5800
0.7900
0.5500
0.6500
1.2300
1.2700
1.3000
0.2600
1.3700
0.4900
1.3600
0.3300
0.9400
0.2300
1.1800
0.4200
0.1700
0.2700
0.7700
1.0100
0.4600
0.5100
0.8400
0.8400
0.9700
1.0900
1.3500
0.3400
0.4600
1.2200
0.7500
1.2900
0.4100
0.3800
0.4100
1.2100
0.0500
0.4500
0.9600
0.8000
0.5000
0.2000
0.2500
0.4300
1.1500
1.2500
1.1500
1.1900
0.1200
1.2300
0.7300
0.4800
0.5000
1.1900
0.0900
52.0400
140
P0                    6  7  7  4
P1                    8  7  5  9
P2*                   1  0  4  3
P3                    4  1  5 DQ
P4*                   2  2  6  6
P5                    8  8  0  5
P6                    9  9  5  6
P7                    2  0  1  4
P8                    3  1  2  0
P9                    0  3  5  3
P10                   6  9  9  0
P11                   6  7  7  1
P12                   7  4  9  7
P13                   5  7  7  3
P14                   2  5  8  1
P15                   3  1 DQ
P16*                  2  9  7  5
P17                   4  4  9  2
P18*                  2  8  6  8
P19*                  0  4  7  1
P20                   2  3  5  9
P21                   0  8  6  9
P22                   3  1  8  3
P23                   4  4  0  9
P24                   9  7  6  2
P25                   3  4  6  3
P26                   8  0  9  2
P27                   5  0  9  4
P28                   7  3  5  8
P29                   8  1  3  0
P30                   5  1  3  7
P31                   1  2  2  4
P32                   0  6  8  1
P33                   3  7  2  9
P34                   2  6  0  5
P35                   0  8  5  7
P36                   2  6  5  2
P37                   4  7  4  7
P38                   5  4  4  8
P39                   0  5  1  4
P40*                  4  1  6  0
P41                   9  6 DQ
P42*                  4  1  8  9
P43                   7  8  4  8
P44                   9  4  6  6
P45                   8  6  0  3
P46                   3  2  2  8
P47                   2  3  5  0
P48*                  4  4  3  9
P49*                  2  5  7 DQ
P50*                  3  7  6  4
P51                   9  5  9  6
P52                   1  2  9  9
P53                   4  3  7  3
P54                   9  9  9  4
P55                   4  4  2  3
P56                   3  7  6  0
P57                   5  7  9  9
P58                   9  6  8  3
P59                   2  9  7  7
P60                   4  2  8  8
P61                   7  3  0  7
P62                   7  3  7 DQ
P63                   4  2  2  0
P64                   2  7  3  2
P65                   1  7  0  7
P66*                  0  3  4  5
P67                   2  3  3  4
P68                   2  7  2  0
P69                   9  7  1  7
P70*                  5  8  1  8
P71                   3  5  2  6
P72                   6  3  0  9
P73                   5  1  5 DQ
P74                   2  7 DQ
P75*                  4  1  3  4
P76                   3  3  5  6
P77                   2  5  8  9
P78                   4  0  9 DQ
P79                   3  7 DQ
P80*                  9  1  9  1
P81*                  4  7  7  8
P82                   0  2  9  8
P83                   1  6  6  0
P84                   4  6  6  7
P85                   5  6  9  9
P86*                  6  6  2  0
P87                   3  4  8  3
P88                   7  4  0  9
P89                   7  7  5  6
P90                   7  8  7  3
P91                   0  9  7  4
P92                   6  2 DQ
P93                   9  4  9  0
P94                   5  8  5  1
P95                   3  7  3  2
P96                   9  3  6  4
P97*                  9  6  5  1
P98*                  2  9  0  4
P99*                  9  3  3  8
P100                  2  5  1  8
P101                  8  2  2  3
P102                  4  3  5  3
P103*                 4  4  7  6
P104*                 7  3  9  1
P105*                 8  7  9  6
P106*                 3  3  3  2
P107                  8  9  4  5
P108                  0  2  0  2
P109*                 5  2  6  8
P110*                 9  2  6  9
P111                  4  7  4  8
P112                  6  6  2  5
P113                  3  5  8  1
P114                  3  1  2  0
P115                  8  6  6  0
P116                  0  9  7  6
P117                  7  5  2  3
P118*                 2  0  1  4
P119                  5  0  3  1
P120                  4  1  2  2
P121                  9  6  7  5
P122*                 1  2  2  2
P123                  8 DQ
P124                  8  0  1  0
P125                  1  5  7  6
P126                  6  8  9  2
P127*                 9  6  7  8
P128                  6  4  0  3
P129                  7  7  2  0
P130*                 5  2  0  6
P131                  0  5  8  0
P132*                 5  5  5  7
P133                  3  1  7  6
P134*                 5  5  6  5
P135                  4  0  8  3
P136                  0  4  9  6
P137                  0  6  5  3
P138                  6  6  8  4
P139                  4  2  3  3

7269920.62
1.2400
1.1500
0.2200
1.1500
0.3200
1.2000
0.7900
1.1400
0.9400
0.2100
1.0200
1.0000
0.9800
0.6200
1.2400
0.2300
0.0500
0.0700
0.7700
1.2300
0.2400
0.1700
0.8900
0.4200
1.0100
1.2700
0.5400
0.2000
0.8500
0.5900
0.6700
0.5100
0.3100
1.3900
1.3400
1.0500
1.0700
0.9500
0.3600
0.6700
0.4900
0.0700
1.4000
0.6600
0.4700
1.0200
0.3300
1.3900
0.4400
0.1400
0.9300
1.4000
0.5000
1.0600
1.1200
0.4500
1.0900
0.2800
0.6000
0.9900
0.7700
0.3900
1.1500
1.1500
0.0700
0.6800
0.2000
0.9400
0.8900
48.8600
140
P0                    5  9  0  7
P1                    3  6  6  7
P2*                   9  9  3  5
P3*                   6  3  9  8
P4                    6  3  5  0
P5                    3  0  6  6
P6                    4  9  1  7
P7                    8  9  2  5
P8                    1  5  6  2
P9                    2  6  5  6
P10*                  9  1  0  0
P11                   4  1  8  2
P12                   3  3  5  8
P13                   3  5  1 DQ
P14                   7  8  7  0
P15                   8  6  8  3
P16                   2  8  5  6
P17                   7  7  1  2
P18*                  7  1  5  3
P19                   4  6  1  9
P20                   6  0  7  3
P21                   6  9  4  0
P22                   7  9  0  5
P23                   1  1  4  6
P24*                  9  4  2  7
P25*                  7  2  7  3
P26                   2  5  4  9
P27                   0  3  7  6
P28                   1  0  5  9
P29                   6  8  3  2
P30                   2  5  8  0
P31                   9  4  0  3
P32                   9  9  4  5
P33                   1  9  6  9
P34                   0  1  7  7
P35                   2  2  6  7
P36                   9  4  9  4
P37                   6  5  8  0
P38                   9  1  3  8
P39                  DQ
P40                   5  6  6  8
P41                   4  2  1  2
P42                   5  8  5  7
P43                   0  1  7  8
P44*                  6  8  0  2
P45*                  2  2  8  0
P46                   3  9  7  2
P47                   4  9  6  0
P48                   6  1  7  0
P49*                  6  0  6  9
P50                   6  6  5  5
P51                   5  0  8  7
P52                   2  1  0  4
P53                   3  7  2  4
P54                   0  6  1  5
P55*                  2  3  4  9
P56                   3  0  8  8
P57                   5  7 DQ
P58                   2  4  0  1
P59                   3  7  2  6
P60                   5  7  7  3
P61                   6  4  7  2
P62                   2  1  0  6
P63*                  2  7  3  5
P64                   4  4  1  5
P65*                  6  8  1  5
P66                   6  9  2 DQ
P67*                  3  6  0  1
P68                   9  9  4  7
P69*                  6  1  6  6
P70                   4  3  6  0
P71                   3  9  6  5
P72                   0  2  6  4
P73                   8  0  9  2
P74                   9  2  0  8
P75                   5  7  4  6
P76                   1  1  3  2
P77                   4  6  4  6
P78                   6  7  8  3
P79                   7  3  9  6
P80                   2  5  5  3
P81*                  5  1  0  3
P82*                  5  6  8  7
P83                   8 DQ
P84                   5  7  8  3
P85                   6  5  8  4
P86                   4  7  4  7
P87                   2  2  1  9
P88                   2  5  4  0
P89                   7  6  5  8
P90                   9  7  6  1
P91                   2  4  4  2
P92                   9  8  0  3
P93*                  8  6  3  8
P94                   8  6  3  7
P95                   1  9  6  8
P96                   9  6  3  2
P97                   1  7  6  9
P98                   7  5  8  1
P99                   0  6  3  1
P100*                 7  0  1  5
P101                  7  9  7  7
P102*                 3  4  1  6
P103                  3  2  2  9
P104                  0  9  0  5
P105                  0  0  9  1
P106*                 7  4  7  4
P107                  1  7  4  6
P108*                 7  8  6  8
P109                  8 DQ
P110                  3  1  5  5
P111                  4  5  7  7
P112                  9  5  2  7
P113*                 5  3  0  9
P114                  0  8  1  2
P115                  0  9 DQ
P116                  7  3  0  1
P117                  3  1  0  3
P118                 DQ
P119                  9  2  5  9
P120                  3  7  7  8
P121*                 1  3  0  9
P122*                 6  6  9  3
P123                  4  6  5 DQ
P124                  6  0  2  9
P125                  2  7  1  5
P126                  7  7  3  5
P127                  9  4  3  0
P128                  2  3  2  1
P129                  2  8  6  4
P130                 DQ
P131                  8  8  4  5
P132                  3  0  7  9
P133                  5  9  0  3
P134                  8  4  5  4
P135                  3  8  5  2
P136*                 4  0  8  0
P137                  6  2  9  0
P138                  1  3  6  4
P139                  9  5  8  4

4629484.58
0.5100
0.5600
1.3500
0.8900
0.9300
0.7700
1.2100
0.9900
1.2500
0.6900
0.8200
0.3300
0.0400
1.3400
0.7200
0.0700
1.4000
0.1900
1.3900
1.1100
1.4000
0.0500
0.7700
1.3500
0.1300
0.7100
0.9400
1.1500
0.1800
0.3600
0.3300
1.3900
0.7200
1.3600
0.5400
0.0700
1.1700
0.0300
1.2100
1.0300
1.3500
0.1500
1.4100
0.7500
0.3000
0.0800
0.6400
0.4400
0.1000
0.3500
0.8300
0.2600
1.1200
0.1300
0.6400
0.4300
1.2100
0.6900
1.0100
0.1900
0.0900
0.2900
0.3100
0.7300
0.0300
0.4300
0.9500
0.9500
0.5300
52.1600
140
P0*                   0  2  5  0
P1                    6  2  3  3
P2                    2  2  3  8
P3*                   0  2  1  9
P4                    6  2  6  6
P5                    1  8  7  1
P6                    3  8  3  2
P7                    8 DQ
P8*                   7  6  0  2
P9                    3  1  8  6
P10*                  0  2  9  3
P11                   5  9  7  5
P12                   7  0  0  7
P13                   9  2  4  7
P14                   9  6  2  1
P15                   3 DQ
P16                   4  6  9  5
P17                   5  8  3  0
P18                   2  1  7  9
P19                   6  8  3  3
P20                   2  0  1  8
P21                   4  2  0  7
P22*                  8  7  6  1
P23                   2  1  7  1
P24*                  6  3  5  2
P25                   1  2  8  2
P26                   2  9  8  5
P27                   6  2  5  4
P28                   7  7  2  6
P29                   3  7  8  7
P30*                  0  3  2  5
P31*                  6  7  9  1
P32*                  4  6  9  9
P33                   5  9  2  1
P34*                  7  6  6  0
P35                   9  3  9  8
P36*                  8  8  3  1
P37                   2  4  6  8
P38                   1  6  3  6
P39                   1  1  2  7
P40                   9  3  0  3
P41                   3  0  7  9
P42                   1  5  8  5
P43                   4  7  2  3
P44                   6  4  5  2
P45                   5  2  1  1
P46                   5  9  8  4
P47                   1  0  0  9
P48                   5  4  1  2
P49                   6  9  5  0
P50                   4  7  2  0
P51                   0  6  0  7
P52                   0  1  7  5
P53                   9  3  5  8
P54                   4  4  7  3
P55                   6  9  2  3
P56                   3  5  7  9
P57                   3  4  7  5
P58                   1  4  6  7
P59                   6  4  5  9
P60                   5  5  5  8
P61                   7  9  7  3
P62                   9  6  9  0
P63                   1  9  3  9
P64                   9  3  3  1
P65*                  9  2  5  9
P66                   9  7  7  6
P67                   1  3  8  9
P68                   4  1  9  9
P69                   0  5  8  5
P70*                  0  9  9  0
P71*                  8  0  0  9
P72*                  6  2  2  1
P73                   6  8  9  9
P74                   7  2  6  5
P75*                  6  0  9  5
P76                   9  5  2  4
P77                   0  0  0  1
P78*                  5  5 DQ
P79                   3  7  3  0
P80*                  9  9  9  2
P81*                 DQ
P82                   1  6  6  2
P83                   0  0  8  1
P84                   4  3  5  0
P85                   3  3  8  9
P86*                  7  3  3  8
P87                   2  1  3  2
P88                   8  4  5  2
P89                   9  5  0  0
P90                   2  8  4  0
P91                   7  2  0 DQ
P92*                  3  4  2  0
P93                  DQ
P94                   2  9  0  6
P95                   4  3  4  5
P96                   7  7  5  9
P97                   3  3  9 DQ
P98                   4  9  3  9
P99                   2  1  7  2
P100                  5  0  1 DQ
P101*                 8  8  2  4
P102                  9  4  0  7
P103                  9  1  7  0
P104*                 3  0  5  1
P105                  5  3  5  5
P106                  3  1  5  5
P107                  3  5  1  9
P108                  0  8  3  5
P109*                 2  8  3  0
P110                  6  5  7  4
P111*                 1  8  7  7
P112                  3  2  6  3
P113*                 9  0  7  1
P114*                 1  3 DQ
P115                  6  3  1  7
P116                  9  0  0 DQ
P117*                 5  6  5  7
P118                  6  5  8  6
P119                  9  0  6  8
P120*                 2  6  8  7
P121                 DQ
P122                  0  0  2  8
P123                  0  3  4  0
P124*                 2  7  1  1
P125*                 1  9  1  8
P126                  5  2  7  8
P127*                 5  5  1  4
P128                  7  3  4  9
P129                  7  8  8  5
P130                  0  9  2  6
P131                  3  4  0  9
P132                  3  0  9 DQ
P133*                 7  3  9  7
P134                  7  4  1  5
P135                  9  3  6 DQ
P136*                 1  2  7  8
P137*                 1  7  9  2
P138                  5  4  8  4
P139                  6  9  3  5

2893013.14
1.0700
0.2200
0.3900
0.0600
1.3500
1.0400
0.7400
1.2900
0.4400
0.8700
0.1300
0.3100
0.5200
1.1500
0.6900
0.7400
1.0400
1.0700
1.2000
0.4800
1.2800
0.9300
0.3400
0.5800
0.9800
0.8100
0.8600
0.6700
1.0800
1.2400
0.7400
1.1100
0.4700
1.2500
1.0100
1.1700
1.2400
1.0500
0.7000
1.0100
0.1000
0.5400
0.4000
0.9900
0.3300
1.1300
0.3800
0.6800
0.1000
1.2700
1.0900
1.4100
1.2800
1.3900
0.7300
0.6200
1.2500
0.6400
0.3200
0.4000
1.0800
1.1400
1.3000
0.7800
0.2500
1.0000
1.2900
1.4100
0.1800
43.2000
140
P0*                   1  2  0  8
P1                    5  9  5  4
P2*                   4  9  6  2
P3                    8  0  7  5
P4*                   8 DQ
P5*                   0  2  1  5
P6                    9  2  1  8
P7                    3  6  2  2
P8                    8  5  2  3
P9                    7  7  1  2
P10                   7  6  5  0
P11                   4  0  8  6
P12                   1  0  7  6
P13                   0  9  5  7
P14                   6  4  0  4
P15                   3  9  3  0
P16                   9  7  3  1
P17                   6  1  4  3
P18*                  9  1  8  4
P19                   5  4  7  0
P20                   1  2  8  2
P21*                  0  7 DQ
P22                   0  9  0  8
P23                   5  0  0 DQ
P24                   9  0  9  3
P25                   1  4  8  9
P26*                  1  7  6  6
P27                   9  0  4  0
P28                   0  6  5  1
P29                   3  4  3  2
P30*                  2  7  1  9
P31                   1  9  8  7
P32                   0  7  7  3
P33                   6  8  4  2
P34                   3  5  0  8
P35*                  6  6  2  1
P36                   1  7  9  6
P37                   2  7  3  1
P38                   0  7  9  0
P39*                  0  4  6  3
P40                   8  4  8  2
P41                   4  2  0 DQ
P42*                  6  6  7  5
P43                   3  9  4  3
P44*                  5  6  2  3
P45*                  3 DQ
P46                   3  3  6  8
P47*                  0  0  2  4
P48                   5  1  6  8
P49*                  8  5  3  6
P50*                  6  1  0  8
P51                   0  5  7  9
P52*                  3  3  7  0
P53*                  5  5  3  1
P54                   7  2  0  9
P55                   1  5  2  6
P56                   9  5  2  2
P57                   1  3 DQ
P58                   7 DQ
P59                   8  3  5  5
P60                   0  8  6  7
P61                   5  1  6  6
P62                   6  8  4  2
P63                   4  6  0  1
P64*                  9  9  5  7
P65                   6  3  6  1
P66                   4  2  2  6
P67                   3  7  9  2
P68*                  7  6  4  0
P69                   0  8  3  6
P70                   2  9  7  8
P71                   5  9  7  3
P72                   5  1  1  7
P73                   3  5  4  6
P74                   8  2  3  3
P75                   9  1  5  6
P76*                  9  3  0  7
P77                   5  5  4  4
P78*                 DQ
P79                   2  3  3  7
P80*                  0  7  3  6
P81                   3  8  8  1
P82                   8  3  3  5
P83                   0  6  4  0
P84                   8  6  2  1
P85                   0  1  5  0
P86*                  4  7  5  9
P87                  DQ
P88                   2  5  7  9
P89*                  5  8  2  6
P90                   8  1  1  0
P91*                  0  1  7  3
P92                   2  9  2  5
P93*                  0  8  0 DQ
P94*                  9  0  9  5
P95                   1  5  4  2
P96                   2  0  9  8
P97                   0  9  6  2
P98                   6  2  0  1
P99                   6  6  0  6
P100                  4  3  1  2
P101                  7  9  4  7
P102*                 1  6  6 DQ
P103                  3  0  6  4
P104                  4  2  1  6
P105                  4  0  5  8
P106                  7  7  4  6
P107                  9  9  7  9
P108                  2  8  9  9
P109*                 9  3  3  4
P110                  2  4  1  8
P111                  2  3  4  4
P112                  2  8  0  0
P113                  9  1  6  7
P114*                 1  6  6  8
P115*                 9  0  8  2
P116                  6  1  3  0
P117                  3  7  2  5
P118                  5  9  3  9
P119                  6  7  1  8
P120                  3  5  8  6
P121                  2  9  5  6
P122                  8  1  0  0
P123*                 1  8  4  4
P124                  5  1  8  5
P125                  8  0  5  8
P126*                 7  2  5  0
P127                  2  6  7  1
P128*                 1  5  3  9
P129                  3  4  8  3
P130                  0  6  3  4
P131                  7  9  7  4
P132                  9  2  6  7
P133                  7  1  7  0
P134                  2  2  0  3
P135                  1  2  6  5
P136                  0  2  2  6
P137                  5  5  1  5
P138                  7  1  2  0
P139                 DQ

3583100.68
0.8800
0.6600
1.1300
0.3200
0.1800
0.5000
1.0600
0.0600
1.3700
0.9000
1.4200
0.2500
1.2600
0.9600
0.8200
0.6200
0.9000
0.4000
0.7100
0.3400
0.2100
0.0300
0.5700
0.8900
0.6600
0.1000
0.6800
0.5600
0.7600
0.9100
0.8100
1.0800
0.1200
1.1100
1.3800
0.2900
1.2700
0.6900
0.8800
1.0400
1.4000
0.0200
1.0400
0.0900
1.0700
0.2700
0.3800
0.0900
0.1800
0.4000
0.3500
1.4000
1.1300
1.1000
0.0500
1.1200
0.4800
0.3400
0.2000
0.8400
0.0700
0.3500
1.0600
0.8800
0.4900
0.2200
0.5700
1.4200
0.2500
53.9600
140
P0                    2  6  3  5
P1                    9  4  0  5
P2                    1  1  3  4
P3                    5  8  0  2
P4                    2  6  6  5
P5                    8  1 DQ
P6*                   8  6  0  0
P7                    5  6  8  8
P8                    5  4  7  8
P9                    3  0  4  2
P10                   5  8  7  2
P11                   9  2  4  8
P12                   3  3  1  7
P13                   0  4  5  9
P14                   6  5  3  2
P15                   3  9  2  7
P16*                  2  7  7  4
P17                   4  5  7  5
P18                   1  2  0  2
P19                   8  8  3  3
P20                   5  3  3  3
P21                   4  0  8  1
P22                   1  8  3  2
P23                   9  7  9  6
P24                   6  1  7  7
P25                   6  5  2  3
P26*                  2  0  2  2
P27                   6  5  3  7
P28*                  8  2  2  5
P29                   1  4  5  4
P30                   0  7  3  1
P31                   3  0  6  6
P32                   9  9  1  7
P33                   8  8  9  2
P34                   4  0  3  0
P35*                  5  8  8  2
P36                   0 DQ
P37                   0  2  1  3
P38*                  9  6  5  4
P39*                  6  7  4  4
P40                   8  2  2  5
P41                   3  8  6  2
P42                   3  3  6  9
P43*                  3  0  4  4
P44                   1  0 DQ
P45                   9  7  4  6
P46                   5  7  3  7
P47*                  1  4  3  7
P48                   1  2  7  7
P49                   9  8  6  1
P50                   8  6  1  1
P51                   9  5  1  2
P52*                  7  8  8  3
P53                   2  7  2  5
P54                   9  8  8  8
P55                   1  5  3  4
P56*                  7  9  7  7
P57                   1  7  7  0
P58*                  7  3  3  9
P59                   2  4  3  3
P60                   7  3  6  7
P61*                  4  7  6  6
P62                   0  3  3  3
P63                   7  6  1  9
P64*                  8  2  5  2
P65                   0  2  2  4
P66                   3  4  4  0
P67                   6  0  0  3
P68                   1  1  5  7
P69                   1  3  9  2
P70                   1  1  4  1
P71*                  2  3  2  2
P72                   6  0  7  0
P73                   5  8  5  1
P74                   1  5  5  4
P75                   8  3  8  6
P76*                  6  3  3  5
P77                   3  0  7  7
P78                   0  2  2  4
P79                  DQ
P80                   6  2  0  6
P81                   6  5  8  1
P82                   4  3  9  5
P83                   8  3  6  5
P84                   9  6  7  4
P85*                  0  4  3  4
P86                   5  8  5  5
P87                   4  0  0  1
P88*                  4  4  1  7
P89*                  1  0  5  5
P90                   0  9  8  3
P91                   3  9  2  5
P92                   0  5  3  2
P93                   5  7  0  9
P94                   6  9  3  2
P95                   8  1  0  4
P96                   1  5  9  4
P97                   6  6  7  1
P98*                  1  5  1  2
P99                   7  6  0  3
P100                  5  0  4  4
P101                  5  3  5  4
P102                 DQ
P103*                 1  6  5  0
P104                 DQ
P105                  6  6  8  9
P106*                 0  4  7  7
P107                  4  7  3  5
P108                  2  8  1  1
P109                  9  2  8  5
P110                  5  9  7  1
P111                  5  9  9  3
P112                  8  5  5  6
P113                  5  5  6  7
P114*                 6  5  8  5
P115                  9  2  5  3
P116                  4  9  1  1
P117                  4  3  2 DQ
P118                  0  2  1  2
P119                  8 DQ
P120                  6  1  7  7
P121                  7  0  2  6
P122                 DQ
P123*                 3  1  9  3
P124*                 8  6  4  4
P125                  2  8  7  9
P126*                 2  4  5  5
P127                  7  1  6  8
P128                  8  7  4  4
P129                  9  4  3 DQ
P130*                 9 DQ
P131                  6  6  4  7
P132                  2  5  5  9
P133                  4  3  8  3
P134                  8  9  2  1
P135                  3  9  2  8
P136                  3  9  2  3
P137                  2  3  0  4
P138                  5  1  9  6
P139                  5  5  9  8

8527933.73
1.0700
0.4900
0.5600
1.2200
0.3000
0.8600
0.4500
0.0200
0.3100
1.3200
1.3900
0.5100
1.2100
1.1500
0.7100
0.5800
1.0300
0.7200
1.3400
0.6900
0.9900
0.6700
0.2100
0.4100
0.0300
0.7500
0.8000
0.7400
0.7200
0.8100
0.7900
0.0800
0.4500
0.9200
0.1500
0.6400
0.7600
1.3700
1.2800
0.4300
0.2500
0.0500
0.6500
0.1400
0.8600
0.2500
0.5300
1.2100
0.3400
0.4900
0.7400
0.0900
0.0900
0.9200
1.1200
1.0400
0.6100
0.5200
0.8500
1.3400
1.0800
0.7000
0.2000
0.0100
0.6900
1.1400
1.3100
0.6100
0.9900
52.2500
140
P0*                   3  0  7  5
P1                    6  0  2  8
P2                    6  5  1 DQ
P3*                   3  6  3  4
P4                    2  1  0  0
P5                    3  7  1  2
P6                    3  5  9  9
P7                    8  3  5  6
P8                    8  1  1  6
P9                    6  4  8  0
P10*                  7  8  5  7
P11                   3  4  9  2
P12                   3  7  8  5
P13                   1  1  0  6
P14                   0  0  5  6
P15                   6  9  5  9
P16                   0  1  8  7
P17                   5  5  5  5
P18                   0  9  1  3
P19                   0  2  2  4
P20*                  1  4  4  4
P21*                  5  5  5  0
P22*                  1  0  1  4
P23                   9  1  9  1
P24                   0  7  7  3
P25                   6  5  0  6
P26                   7  1  6  8
P27*                  4  4  9  6
P28                   1  9  9  9
P29                   5  2  3  8
P30                   2  6  6  3
P31                   7  1  8  5
P32                   0  2  1  7
P33                   7  2  0  8
P34                   5  3  7  4
P35                   1  2  7  0
P36                   9  8  2  6
P37                   0  5  8  6
P38                   2  9  2  4
P39                   7  0  6  8
P40                   5  7  3  6
P41*                  8  7  0  5
P42*                  4  7  9  4
P43                   8  8  0  5
P44                   8  2  7  4
P45                   1  4  0  6
P46                  DQ
P47*                  0  9  3  3
P48                   1  7  4  0
P49*                  1  7  5 DQ
P50*                  5  2  3  4
P51                   8  2  8  2
P52*                  8  7  4  4
P53                   9  4  5  9
P54                   0  9  2  5
P55                   5  0  4  0
P56                   5  2  3  1
P57                   0  6  5  0
P58                   6  8  5  6
P59*                  1  1  5  6
P60                   4  4  9  1
P61                   0  2  3  7
P62                   4  9  4  9
P63                   7  1  3  0
P64                   5  0  2  7
P65                   2  4  1  5
P66                   6  4  5  2
P67*                  2  2  0  4
P68                   0  6  4  3
P69                   5  4  6  3
P70                   3  3  3  3
P71*                  6  3  5  8
P72*                  2  7  3  4
P73                   6  4  0  1
P74                   2  5  2  4
P75*                  8  8  2  7
P76                   9  3  7  0
P77                   2  7  0  9
P78                   0  9  0  2
P79*                  2  9  2  2
P80                   0  6  7  1
P81                   1  3  6  5
P82*                  1  2  4  9
P83*                  7  8  4  1
P84                   0  6  7  2
P85                   2  3  1  5
P86                   4  5  2  1
P87                   1  3  0  1
P88                   3  7  3  6
P89                   9  3  9  3
P90*                 DQ
P91                   2  6  5  6
P92*                  5  8  9  2
P93                   9  7  4  0
P94                   1  7  5  8
P95                   4  2  4  8
P96                   7  7  0  9
P97                   4  0  2  1
P98                   4  0  2  0
P99                   8  5  1  8
P100                  6  4  1  4
P101                  6  2  3  9
P102                  3  8  7  8
P103                  5  9  9  3
P104                  6  1  4  3
P105                  4  8  8  6
P106                  9  5  8  8
P107                  3  9  4  7
P108                  3  5  3  2
P109                  6  7  8  2
P110                  0  1  5  6
P111                  9  2  2  5
P112                  5  2  4  1
P113                  0  9  1  2
P114                  9  3  2  0
P115                  9  6  6 DQ
P116                  7 DQ
P117*                 1  5  4  5
P118                  1  4  7  0
P119                  6  9  9  1
P120                  8 DQ
P121                  6  6  1  6
P122                  9  4  2  8
P123                  0  6  9  9
P124                  6  9  5  3
P125                  6  9  4  2
P126                  2  9  5  0
P127                  4  2  3  8
P128                  4  4  4  3
P129                  3  5  6  4
P130                  6  0  5  1
P131*                 1  4  5  5
P132                  5  0  6  6
P133                  1 DQ
P134*                 1  7  2  6
P135*                 8  9  8  1
P136*                 5  8  9  9
P137                  4  3  5  8
P138                  7  6  1  5
P139                  7  5  6  9
