4 9417 3216
3 5889 154
15 425 2557
8 9296 8095
14 3202 4847
11 5470 1189
18 2333 6171
12 194 2285
10 4832 766
2 1447 8300
2 7120 788
19 4334 6886
19 1925 6756
17 5083 1798
2 270 2816
16 5089 7365
8 1732 3658
18 4410 7980
9 1521 7808
4 2688 8519
9 8746 4504
19 1208 9033
4 4702 4761
14 8921 9045
16 9355 1151
10 387 7376
17 9294 4960
16 8187 897
15 8305 8439
8 7777 1150
10 2665 3094
10 9075 2147
9 5794 714
19 5117 9441
10 633 1094
19 9177 773
13 2753 1505
16 3315 2873
15 7149 4285
6 9898 861
4 2679 926
14 187 301
11 5692 7193
6 936 8202
12 9266 7402
15 627 4032
17 2540 5558
7 3775 7666
7 1870 2304
11 6225 3669
7 659 6789
9 6025 571
11 9923 5785
9 6727 3152
4 2237 7582
12 9061 7832
11 9407 8394
16 9575 206
7 2446 7704
18 7044 4165
16 6340 5851
16 4106 887
5 3978 1879
2 1668 2070
8 6548 4170
15 7531 1826
12 8498 1734
14 1329 4076
12 4347 5263
17 9930 3497
2 2257 7860
1 569 9225
9 8525 1473
18 430 2015
16 8599 7972
17 1902 9046
18 209 9162
1 2731 6174
12 5236 1200
5 338 3281
19 8862 8999
5 1237 8324
18 5641 7294
4 4830 6796
1 100 4515
9 2563 3008
15 8123 4598
14 5476 9155
2 2925 3604
7 1367 3657
2 5625 8338
5 3894 6446
4 9605 4550
4 4813 1279
1 3807 8808
7 2214 5751
19 439 4647
11 8468 8645
8 2155 6340
3 4448 3725
8 5225 2371
11 4089 1310
8 591 522
15 3798 2714
5 1690 721
8 8730 3896
7 8023 6683
16 1370 513
6 5914 6973
4 7289 3414
9 398 3734
13 4945 2747
2 9930 2184
13 6255 8865
6 1739 849
2 6022 1010
17 2325 3357
9 8004 2544
18 2544 6439
3 9789 9951
5 4079 6086
7 1868 151
14 1766 2629
17 3018 7777
11 380 9503
8 7156 6829
2 3986 193
4 65 1407
9 387 5193
0 0 0
