20 3 5
1024 7 1
20 1 1
1 2 3
1 3 2
1 1 1
1048576 1 1
1048576 1024 1
1048576 1 1024
1048576 3 600
1048576 3 650
1048576 3 700
1048576 3 769
1048576 3 770
1048576 3 771
1048576 3 772
1048576 3 800
1048576 3 900
1048576 3 1024
1048576 1024 544
1048576 1024 160
1048576 1024 9
1048576 1018 1
1048576 1018 2
1048576 1019 2
1048576 873 14
1048576 14 911
1048576 14 929
1048576 9 288
1048576 9 289
909207 150 800
1029623 132 928
1042437 318 961
784355 56 767
53338 28 116
467087 126 1001
175888 161 1009
23087 437 517
208229 253 826
103136 47 981
717059 926 277
1037479 796 9
733506 1 995
930097 953 1
715584 3 976
627632 888 5
891137 6 617
667806 23 963
60398 766 18
233618 133 838

