100
35 1
9 7 8 8 7 6 7 1 3 9 9 4 3 8 9 2 2 1 4 9 2 9 1 5 4 2 4 2 7 4 7 2 6 1 9 
91 28
4 5 4 9 3 7 7 7 9 5 8 4 1 2 2 4 5 6 3 2 4 1 1 2 2 2 5 6 8 6 6 3 9 9 7 1 4 1 3 8 7 1 9 7 4 6 9 4 6 7 9 7 4 1 3 5 1 9 7 7 7 1 8 2 8 5 8 8 2 4 7 4 9 9 8 6 9 1 6 3 3 5 4 9 4 9 1 3 3 9 4 
94 77
8 5 4 3 8 9 3 3 6 5 1 2 7 5 9 5 7 6 5 1 6 3 6 5 4 5 4 3 3 3 6 4 5 7 4 3 3 3 6 6 3 9 1 8 4 2 5 3 7 3 9 1 4 4 2 5 7 8 5 8 6 8 8 3 7 5 9 3 4 8 2 3 6 4 1 9 7 6 1 4 6 9 4 4 6 1 2 7 6 8 4 1 9 5 
84 35
8 1 7 7 7 8 5 4 2 8 5 7 1 8 9 3 7 7 4 4 8 1 4 2 8 3 5 3 3 5 2 8 8 9 2 2 1 9 5 3 1 5 7 8 8 6 1 5 4 6 5 5 6 6 8 8 8 3 9 2 6 2 2 5 1 2 4 4 9 5 8 7 1 4 7 2 6 7 7 5 1 5 6 4 
89 72
8 6 4 2 5 3 9 6 3 4 5 1 7 6 9 5 6 2 3 2 3 7 1 6 3 4 3 6 5 6 6 5 3 8 3 8 2 6 4 9 3 5 6 5 6 5 1 3 8 6 4 1 4 5 5 8 6 1 4 2 3 5 2 9 1 1 3 5 3 7 1 2 7 7 4 6 8 6 6 9 6 9 7 3 7 1 8 7 5 
17 14
4 2 7 2 7 3 7 8 9 2 2 1 9 3 5 4 3 
48 31
6 3 1 3 1 7 4 5 5 8 7 6 8 4 4 8 3 7 5 5 3 1 9 7 5 1 9 2 6 3 5 2 7 3 1 9 8 6 5 7 2 1 4 3 3 9 1 9 
66 18
4 4 9 3 5 5 7 5 8 2 8 3 1 6 9 6 5 5 8 8 4 3 7 7 5 4 9 3 9 1 4 8 3 5 2 6 4 4 7 4 6 5 1 8 9 1 1 2 6 5 4 4 2 4 8 8 4 6 5 9 7 2 9 5 5 8 
85 78
8 7 9 6 8 6 9 5 8 2 9 3 8 7 6 6 7 8 3 3 4 9 7 8 7 8 3 9 4 8 3 9 6 1 6 3 9 8 6 7 9 3 4 6 9 2 6 6 4 9 7 1 2 5 3 3 1 6 1 7 1 1 1 8 1 6 1 8 9 2 1 5 3 6 5 5 9 7 7 4 6 1 1 6 8 
48 45
3 8 2 2 9 7 2 1 3 3 4 6 4 7 9 4 7 7 9 3 3 3 9 4 8 6 1 4 8 5 3 2 7 5 3 9 2 8 8 1 3 7 2 7 2 9 8 3 
11 0
5 7 2 5 8 5 1 4 9 2 3 
12 7
2 4 8 8 2 4 1 3 6 9 8 9 
79 39
2 4 2 4 9 6 7 2 6 4 6 5 5 3 8 4 7 9 7 1 9 3 1 7 6 4 3 3 6 9 9 2 4 3 9 8 4 7 5 4 6 9 1 1 5 7 9 5 3 3 4 4 9 6 6 9 6 6 6 3 8 5 1 1 9 6 9 5 2 5 2 7 1 6 4 3 6 6 6 
11 7
7 6 9 6 4 8 4 8 4 4 4 
94 18
5 6 4 4 1 8 7 8 8 2 7 4 9 6 1 9 8 8 1 4 7 2 7 2 1 4 2 3 3 7 6 4 8 5 4 1 8 6 9 4 6 3 5 3 1 3 6 6 8 4 1 8 2 3 6 9 4 8 6 1 9 4 7 2 6 3 4 8 1 3 7 4 8 7 8 8 1 9 7 1 5 3 9 2 6 7 5 4 2 4 7 6 1 3 
12 5
4 4 2 4 4 6 5 2 6 2 3 4 
94 51
1 2 9 9 4 3 3 8 3 9 4 5 2 1 7 6 5 5 8 1 2 5 8 5 1 3 2 9 6 7 9 1 6 6 5 7 9 9 1 3 8 2 5 6 9 7 3 8 6 4 5 6 7 1 1 7 9 8 9 5 2 5 6 7 5 8 1 7 9 3 4 5 5 3 9 9 4 7 1 9 3 5 3 5 5 8 9 1 5 1 2 1 2 9 
51 16
3 9 1 3 8 2 8 9 7 3 8 7 2 8 5 3 8 6 8 3 6 6 3 2 1 5 2 8 5 8 8 1 6 5 8 9 9 9 1 7 7 1 6 2 8 6 9 7 9 3 8 
46 13
2 3 3 7 3 6 9 1 6 6 3 7 8 3 3 4 3 7 4 2 4 6 4 8 1 8 4 4 7 2 6 2 4 5 9 1 6 4 4 9 8 7 6 7 8 9 
79 21
4 7 7 7 6 5 3 5 9 6 7 9 6 5 5 1 7 2 7 7 1 5 1 1 9 1 8 5 4 3 2 6 4 7 9 9 4 5 5 5 7 9 8 4 4 8 1 1 1 3 4 1 6 1 6 1 6 3 1 7 6 3 1 7 8 3 8 9 5 2 9 7 6 3 4 2 4 9 7 
67 16
7 4 2 5 7 8 1 9 1 1 9 4 7 4 5 2 4 4 9 1 2 4 5 9 1 7 1 3 9 1 6 2 7 7 7 1 9 5 5 6 4 7 1 5 7 9 6 5 8 3 5 2 8 3 4 5 9 5 4 4 5 6 7 3 4 3 7 
1 0
9 
19 18
1 4 4 2 1 1 6 9 6 2 3 3 9 2 2 2 6 9 6 
34 9
5 5 4 6 8 6 1 7 7 6 3 2 2 5 3 9 1 4 4 5 4 6 5 1 4 9 5 7 3 2 6 6 1 2 
92 71
2 3 9 5 1 4 8 4 1 1 4 9 8 2 3 6 8 5 7 8 1 3 1 8 1 7 9 2 4 9 7 3 1 2 5 4 3 1 8 8 7 4 7 7 9 2 5 5 5 1 5 9 7 5 1 8 8 2 8 6 6 7 9 1 9 7 5 1 5 3 1 2 3 5 3 8 1 5 2 5 7 9 2 1 2 7 5 5 2 9 1 8 
23 2
3 3 4 8 4 3 7 3 5 8 9 4 5 9 2 1 3 4 8 4 4 1 7 
8 5
4 4 4 8 9 4 9 3 
29 27
7 4 8 1 5 4 6 1 7 6 5 1 2 4 7 7 9 7 5 9 4 2 4 8 5 6 4 4 2 
60 59
2 4 4 4 3 2 9 7 4 1 4 4 6 4 7 9 6 5 2 4 9 3 9 5 7 3 6 1 7 7 6 9 3 9 7 1 2 6 6 1 8 5 5 2 1 5 9 6 2 1 6 6 3 6 7 5 3 2 5 3 
19 11
2 7 6 1 7 4 4 8 1 2 5 2 1 7 5 7 1 7 3 
57 11
8 6 8 5 3 4 6 2 4 6 8 7 1 5 3 9 5 5 5 1 8 8 8 8 7 6 6 7 5 6 6 3 1 6 7 8 9 9 9 3 6 4 3 5 9 7 6 1 1 9 3 5 5 5 1 4 8 
37 8
2 9 8 3 2 2 5 1 2 1 9 2 9 3 7 8 5 4 3 5 9 3 4 2 5 2 3 3 8 3 2 3 6 7 5 8 8 
90 70
2 2 1 1 8 5 6 3 1 9 4 5 5 5 1 8 7 4 4 4 6 9 5 7 3 6 7 9 1 5 4 7 3 7 6 9 6 3 3 1 7 6 9 6 4 2 2 6 3 5 2 2 8 2 7 9 5 5 5 6 5 9 4 4 4 6 3 2 9 6 5 9 4 9 2 6 3 7 1 8 8 3 2 1 1 6 6 5 6 2 
21 4
3 2 2 9 4 2 5 2 6 6 6 9 1 8 2 2 6 4 5 6 6 
53 50
9 3 1 3 4 8 4 4 1 6 5 2 4 8 7 9 3 8 6 3 8 9 1 9 6 4 2 7 8 2 3 5 4 3 9 7 2 7 2 2 2 3 6 4 4 1 4 5 1 2 1 9 4 
21 8
8 4 1 2 9 2 9 3 6 7 6 4 9 9 6 8 4 9 8 1 9 
32 31
2 5 2 9 6 1 3 1 6 1 3 4 2 2 6 3 8 6 5 6 9 8 8 8 6 1 9 9 4 2 8 8 
52 8
2 5 2 3 1 3 6 6 6 5 5 6 6 3 4 6 9 5 2 7 7 4 2 1 3 5 8 1 4 2 7 4 8 8 8 3 2 4 4 1 2 7 1 7 7 6 3 4 1 8 1 6 
77 66
9 6 3 7 3 9 3 5 5 8 2 7 4 5 8 6 8 5 1 7 6 5 7 3 3 4 5 9 4 7 4 1 8 6 9 1 9 1 8 9 3 8 8 7 4 8 5 4 7 2 8 2 6 3 6 2 1 1 6 4 3 1 8 2 8 2 3 4 5 9 5 8 3 5 8 3 1 
2 0
4 2 
43 16
5 7 6 7 7 6 2 8 4 1 1 3 6 1 4 2 7 1 6 5 6 2 4 3 4 2 2 2 7 3 2 2 9 8 5 4 9 2 5 6 2 1 7 
45 16
8 6 5 4 7 7 8 3 6 8 3 2 3 6 4 5 4 2 8 4 9 7 6 4 8 4 1 2 9 4 6 8 6 7 7 2 2 4 5 8 4 3 9 1 5 
54 41
5 3 3 6 9 3 3 3 7 2 7 4 5 5 4 3 8 9 3 8 7 5 3 6 6 6 1 7 8 7 4 6 5 4 5 1 6 3 9 5 4 7 2 5 7 4 3 8 5 5 9 1 5 8 
33 12
5 4 2 5 4 4 2 2 6 7 9 2 2 4 2 9 1 4 6 6 9 9 9 2 5 3 7 9 7 6 3 4 5 
37 0
2 2 5 5 9 3 9 6 3 5 3 2 4 1 7 7 3 3 2 3 5 7 3 4 7 4 1 6 4 7 3 9 1 6 9 2 5 
54 49
6 2 6 7 9 4 6 2 5 4 1 5 5 6 7 9 6 9 3 1 1 7 8 4 1 6 6 3 3 1 4 7 1 9 1 8 7 4 6 6 6 6 4 4 8 6 2 4 5 2 1 3 3 7 
77 71
5 4 5 4 7 1 2 7 9 3 5 5 3 1 7 6 1 6 7 6 2 2 7 3 6 2 8 9 9 7 1 9 8 4 4 1 3 7 8 4 5 4 9 3 2 6 4 7 6 8 9 8 7 9 8 2 2 3 9 9 7 2 6 5 9 2 2 8 4 2 5 6 1 3 6 4 1 
59 37
5 5 6 2 3 3 6 7 2 1 7 3 6 2 3 9 1 3 4 7 6 9 6 2 9 7 1 2 6 6 1 8 7 4 9 7 8 1 6 3 9 3 1 4 2 1 9 1 3 8 4 4 2 9 7 2 7 7 8 
69 7
8 3 4 6 6 7 4 8 2 3 6 8 8 2 8 5 2 3 1 6 2 8 5 8 6 6 2 2 4 4 3 2 2 7 2 3 1 5 8 9 9 2 9 3 7 5 1 2 4 3 5 7 3 8 3 7 1 8 3 6 9 5 3 6 5 4 9 8 8 
65 10
5 3 2 8 5 2 6 7 3 3 6 3 6 8 8 4 5 6 3 6 6 1 7 1 9 7 9 6 8 9 5 7 4 5 7 2 3 2 7 9 5 9 2 3 2 9 6 6 5 3 3 7 8 7 2 7 6 6 1 4 1 6 5 6 6 
18 6
1 5 8 4 2 5 1 5 1 8 3 5 4 6 6 5 3 1 
14 13
4 4 2 4 7 1 1 1 6 1 4 9 2 7 
61 41
8 3 6 2 1 6 2 2 7 7 6 4 6 6 1 1 5 5 1 4 4 8 5 1 7 3 7 6 9 4 3 7 1 6 4 6 4 4 9 7 8 9 6 1 9 4 8 5 1 3 6 4 5 6 1 6 1 3 2 1 5 
67 8
4 8 9 7 1 9 5 2 6 2 3 3 7 8 9 8 3 9 4 4 9 2 4 2 8 8 8 8 2 1 9 3 9 8 4 3 1 6 1 5 7 6 5 6 7 2 5 2 4 6 3 7 1 4 7 8 4 1 5 5 6 3 7 1 9 6 6 
32 28
7 8 4 6 2 6 3 8 4 9 1 3 6 9 6 8 8 2 7 9 4 4 2 6 9 8 2 4 4 1 3 5 
4 1
5 6 3 8 
36 0
7 9 3 3 2 2 1 3 7 5 9 5 3 1 5 6 2 2 9 6 3 7 1 1 5 9 4 2 6 4 9 2 3 4 5 7 
58 0
2 4 3 4 1 3 1 3 9 1 5 6 7 4 2 5 5 3 9 1 8 6 8 1 1 9 6 5 2 9 2 3 1 2 8 9 4 9 8 9 4 9 4 4 2 9 6 5 7 6 9 9 3 9 4 3 3 2 
95 87
3 2 9 1 9 1 8 5 4 1 4 7 6 5 1 9 5 9 9 9 8 8 5 4 8 5 7 8 4 2 4 9 4 4 7 7 1 8 8 2 6 5 4 1 1 5 5 8 3 4 5 4 2 7 3 3 7 1 5 8 7 5 9 3 1 6 5 5 6 2 3 6 5 7 9 9 6 1 4 5 9 6 2 2 9 7 7 6 3 7 8 4 2 5 7 
41 33
7 3 8 8 3 2 4 7 9 6 3 4 9 5 8 2 6 8 4 3 2 1 7 9 1 2 7 2 4 9 8 3 2 5 2 9 7 7 4 7 9 
12 1
7 1 9 9 6 5 8 6 7 4 6 8 
74 52
7 2 5 5 4 9 4 3 8 5 4 6 3 4 3 7 6 7 7 6 2 8 7 9 6 2 5 6 7 8 4 1 8 5 9 7 2 8 5 2 4 4 6 4 4 7 7 1 2 7 7 4 6 7 3 1 3 9 1 9 3 1 9 8 4 3 2 2 3 8 7 6 9 2 
35 4
3 7 1 8 2 3 8 8 4 3 9 4 6 6 7 6 7 6 3 6 9 7 2 7 7 6 8 7 7 8 4 3 2 5 8 
41 38
6 6 3 7 8 2 4 4 5 9 4 2 4 4 1 2 5 4 1 1 6 9 2 8 8 1 4 5 8 7 7 2 2 2 9 1 3 2 7 9 5 
84 27
3 5 3 9 2 2 9 9 5 1 1 8 7 5 9 8 2 5 7 8 4 4 9 1 2 6 4 1 6 1 9 5 3 3 9 9 1 8 7 1 5 4 3 2 7 9 8 6 3 4 4 5 2 2 3 5 2 7 7 3 3 6 7 4 2 4 4 6 6 2 5 8 7 2 4 8 5 4 2 3 4 5 7 5 
14 2
7 4 4 9 9 9 7 1 2 3 7 3 1 3 
89 16
3 8 2 6 8 2 8 2 5 3 9 1 4 5 3 3 6 6 4 5 1 1 6 8 8 7 5 7 5 5 2 7 1 2 1 9 5 7 1 3 5 1 2 4 5 1 4 9 4 8 1 2 8 8 3 1 3 9 8 9 4 5 6 7 8 2 1 1 8 5 6 2 8 9 9 2 8 6 5 5 8 8 6 4 3 8 7 8 2 
27 18
7 5 6 7 2 6 1 9 7 6 9 2 1 1 2 1 9 4 7 9 2 3 3 7 3 2 4 
31 4
3 9 7 4 5 5 6 1 5 8 8 6 4 7 1 9 8 9 2 7 1 5 1 1 3 6 8 5 8 1 8 
73 15
1 8 5 3 5 4 2 6 4 9 1 4 2 4 9 1 3 5 2 2 3 6 3 6 2 2 5 1 6 6 3 8 6 6 4 3 4 7 8 9 6 1 1 8 9 6 6 5 3 5 8 4 9 5 3 8 2 9 5 1 3 5 5 9 5 6 1 7 3 3 3 8 2 
25 7
1 1 1 6 8 5 5 6 1 9 8 2 6 1 8 9 7 1 6 4 2 6 7 3 9 
41 19
9 5 2 7 2 5 1 6 4 8 1 6 4 2 7 2 1 6 8 5 5 4 9 8 8 4 6 6 1 4 7 9 3 9 5 8 3 3 5 8 1 
46 20
9 5 8 4 2 3 7 6 4 8 9 5 6 9 7 2 1 5 7 6 1 2 5 2 5 5 1 8 4 5 7 3 3 7 3 4 1 6 7 3 8 1 8 8 6 2 
8 6
6 3 8 6 7 5 5 5 
1 0
2 
6 5
1 4 8 1 1 7 
88 65
6 2 6 5 1 9 1 6 2 6 8 9 5 6 8 7 5 4 6 1 1 3 2 8 9 4 9 5 6 3 8 9 4 9 4 4 5 1 2 7 3 2 9 5 2 4 8 3 9 3 7 9 7 6 8 7 8 6 6 1 8 5 1 5 7 3 4 8 3 8 2 7 7 4 1 6 9 7 5 5 6 7 2 2 5 1 3 7 
98 4
2 1 6 4 6 8 1 6 1 4 3 1 7 2 1 5 4 2 9 2 2 7 9 9 7 3 3 7 2 1 9 5 7 4 9 5 3 6 5 2 9 8 1 7 7 3 9 4 3 1 1 4 6 4 5 6 5 6 6 7 8 9 9 2 3 6 4 9 6 4 9 7 4 3 6 5 7 8 3 2 4 7 6 9 6 9 2 2 1 8 5 2 5 3 7 4 7 8 
36 21
1 4 6 3 6 4 9 5 5 2 8 1 7 7 4 5 2 4 2 8 4 2 2 3 8 1 1 3 8 9 3 1 5 6 7 1 
24 19
3 3 1 6 7 1 2 8 6 7 9 2 2 5 9 9 9 2 4 5 7 2 6 9 
44 30
8 1 8 9 3 8 8 3 3 5 4 4 3 4 2 5 3 3 1 5 5 5 9 2 9 1 1 1 5 1 2 1 8 2 5 1 6 4 2 2 2 4 2 4 
83 36
9 2 1 1 8 6 4 9 1 5 8 8 2 3 9 1 4 4 3 5 8 5 2 9 1 3 9 9 7 3 9 7 2 1 3 9 4 4 8 4 7 4 4 5 5 3 7 7 3 1 6 2 3 4 5 2 1 2 5 9 6 2 4 3 8 6 6 6 4 4 4 4 2 3 1 9 7 9 1 1 6 6 6 
11 7
9 4 2 5 4 2 1 8 5 5 5 
3 1
8 7 8 
80 70
5 3 3 7 5 4 8 1 6 5 6 4 1 3 3 5 4 3 9 5 5 5 7 3 3 8 4 6 9 7 2 8 9 2 2 9 3 4 5 1 3 9 8 4 6 3 8 1 5 6 8 7 4 7 8 9 4 2 5 5 4 5 5 7 8 3 9 4 4 2 9 2 6 2 7 8 9 8 7 1 
13 9
3 1 5 9 7 7 7 5 8 7 1 3 1 
44 35
3 4 1 5 2 8 4 3 7 2 1 3 2 3 4 1 3 7 5 7 5 4 2 8 1 5 9 8 8 6 7 8 5 6 7 3 5 6 5 5 2 7 7 5 
74 0
5 4 9 2 4 3 4 7 6 5 7 5 2 5 7 3 2 8 2 6 3 9 1 6 5 6 2 5 2 3 7 8 5 9 9 8 2 6 2 8 4 7 1 8 6 8 2 6 9 4 1 5 1 6 1 5 8 2 6 9 9 8 3 6 5 8 4 2 1 5 2 5 5 6 
27 4
4 7 7 7 4 1 3 1 8 4 8 7 3 8 7 2 1 6 9 5 3 5 4 6 5 8 9 
69 17
7 2 8 5 8 9 6 9 1 2 7 1 7 6 9 5 4 7 7 9 5 9 2 1 4 4 3 6 2 4 4 3 1 6 5 5 4 9 9 8 5 2 5 1 2 5 6 5 6 6 7 4 3 3 8 3 4 1 8 4 8 6 9 8 5 3 3 6 6 
36 0
5 9 9 7 7 8 7 5 2 8 4 9 6 5 4 2 8 8 8 5 6 9 6 4 3 5 6 7 2 6 7 8 9 3 3 1 
28 3
8 3 3 5 4 5 4 6 6 8 2 2 8 8 6 5 5 4 9 8 7 6 1 9 9 4 3 5 
49 3
9 1 3 6 3 6 6 3 6 6 8 3 9 1 8 3 6 2 9 6 7 3 8 7 4 3 9 8 5 1 2 5 3 9 9 2 1 8 2 4 8 4 6 1 5 6 2 4 8 
80 54
9 6 1 7 7 1 7 9 2 4 6 3 9 6 8 7 8 6 1 9 7 7 6 1 9 1 3 9 6 3 3 7 1 7 9 2 6 8 4 1 7 8 2 4 9 9 9 5 4 8 6 4 5 7 9 2 6 9 2 8 9 9 2 7 9 7 3 9 1 5 4 9 5 3 9 3 8 7 4 8 
71 22
5 9 7 5 4 4 6 4 7 3 4 8 5 3 2 4 6 2 1 6 9 9 9 4 4 6 1 6 5 8 4 3 9 2 7 1 2 8 9 2 7 2 1 6 3 9 8 5 9 9 4 6 6 9 2 7 3 2 1 2 1 2 5 8 4 9 4 9 9 3 2 
59 6
6 4 2 6 8 6 3 1 6 2 2 8 7 5 7 8 9 2 7 2 4 9 6 6 3 2 1 4 4 2 7 6 4 3 8 7 6 6 4 8 8 2 5 3 6 3 4 4 3 1 6 9 6 6 8 6 1 1 6 
50 14
7 2 2 9 4 5 5 9 8 1 5 2 6 9 9 5 7 3 4 4 8 2 2 5 7 1 9 5 7 3 5 5 7 3 6 5 5 2 9 6 1 8 5 4 4 4 2 1 5 4 
81 33
5 4 6 6 1 3 9 3 9 2 2 8 2 5 7 9 2 5 1 5 6 5 6 6 5 2 5 6 8 7 2 1 4 3 5 9 7 8 8 7 6 9 8 3 7 5 2 7 7 6 6 9 4 3 8 9 1 9 9 9 9 2 6 9 2 8 1 1 8 6 5 6 5 3 5 4 7 5 2 9 6 
44 17
1 5 2 5 6 5 1 2 7 7 5 9 7 5 2 3 5 4 5 5 7 5 8 1 9 8 9 2 4 1 5 3 6 9 1 3 1 5 8 1 3 5 5 4 
19 15
5 7 4 5 5 6 3 6 1 1 7 3 7 8 3 7 6 1 9 
